# boat
o 648 343 658 381
o 698 309 708 347
o 812 345 822 383
o 792 326 802 364
o 598 545 630 553
o 668 324 678 362
o 539 589 593 688
o 676 469 790 582
o 832 365 842 403
o 752 307 762 345
o 802 336 812 374
o 757 665 767 713
o 782 321 792 359
o 719 582 748 606
o 638 354 648 392
o 708 306 752 341
o 621 591 629 764
o 772 316 782 354
o 762 311 772 349
o 702 411 766 467
o 576 583 629 591
o 688 314 698 352
o 678 319 688 357
o 621 370 629 546
o 837 402 853 770
o 822 355 832 393
o 658 333 668 371
o 628 364 638 402
o 621 710 846 723
o 701 665 711 713
o 532 308 539 628
o 597 308 606 553

o 720 664 720 664
# 1125 1148
# 606 198
519
950